ALA=128.058574
ARG=213.122574
ASN=171.064394
ASP=172.048404
CYS=160.030654
GLU=186.064054
GLN=185.080044
GLY=114.042924
HIS=194.080374
ILE=170.105524
LEU=170.105524
LYS=185.116424
MET=188.061954
PHE=204.089874
PRO=154.074224
SER=144.053494
THR=158.069144
TRP=243.100774
TYR=220.084794
VAL=156.089874
