ALA=71.03711
ARG=156.10111
ASN=114.04293
ASP=172.048404
CYS=160.030654
GLU=186.064054
GLN=128.05858
GLY=57.02146
HIS=194.080374
ILE=113.08406
LEU=113.08406
LYS=185.116424
MET=131.04049
PHE=147.06841
PRO=97.05276
SER=144.053494
THR=158.069144
TRP=186.07931
TYR=220.084794
VAL=99.06841
ASN_DEAMID=114.04293+0.984016
GLN_DEAMID=128.05858+0.984016
